0.629906
1.88284
2.62615
2.91214
1.702
1.6613
1.86005
2.6153
1.72962
2.46978
1.0818
0.572312
1.94022
1.68146
0.845812
1.71006
2.70636
1.74451
2.4335
2.60826
0.819689
0.834824
2.1575
1.05643
1.98833
1.96919
2.33032
1.68726
2.74017
1.68706
1.8586
1.86495
0.674878
0.672606
1.61318
0.73008
2.26763
2.39788
2.30168
2.18444
2.79825
1.38004
1.27984
2.01116
1.78233
2.0439
2.33214
2.28417
1.25459
0.485497
2.65849
1.58308
2.003
2.10404
1.55609
2.09777
2.82755
0.856042
1.31767
1.6906
2.38359
1.18149
2.02866
2.83805
1.34085
2.42325
1.35114
1.2776
1.0884
2.4512
0.287873
0.739262
1.1964
2.10168
2.96337
2.11311
0.777937
1.64758
1.37175
0.55845
1.85748
1.40301
1.16723
1.14363
2.80222
0.624763
2.25565
1.07431
1.5424
1.57233
1.20283
2.41056
2.29611
1.23293
2.61749
2.08309
1.34528
1.95246
0.156282
0.538687
1.10682
0.574675
0.32444
1.28431
2.17417
0.544843
1.2115
2.55313
1.4948
2.10777
0.689295
1.99549
2.30586
1.34929
1.69098
1.7668
0.353228
0.755279
3.12147
2.45849
1.42897
1.89739
2.40157
1.31645
1.99696
2.0493
0.493386
0.796501
1.25655
1.84896
0.960532
1.9527
1.43699
2.09438
2.02197
2.46121
0.82889
1.69813
2.09214
1.08111
1.31798
0.665215
1.23089
1.89994
2.61124
1.93998
1.16677
1.50425
1.21047
1.9697
1.21744
1.52007
0.993281
1.34724
2.33036
1.6694
1.97172
2.5482
0.321456
0.735342
0.479557
1.5395
0.406215
3.07537
0.973966
1.08439
2.16579
0.794322
1.85032
0.917586
2.74667
2.36438
1.35686
2.30474
2.6685
1.85651
0.320006
1.99139
0.582588
2.63962
1.93069
2.28516
1.53061
0.809451
1.9409
2.05594
1.73415
2.33737
2.3303
0.718189
1.32736
1.5908
1.50403
1.35421
2.33837
2.87808
1.16042
3.01918
2.42149
2.57029
1.92788
2.13794
1.67689
2.45981
2.2995
0.941207
2.04627
0.850472
0.307084
2.15649
2.74174
1.02141
0.596573
0.997874
1.27721
0.949311
0.587246
1.92748
1.03455
1.87267
1.48298
0.884631
2.06272
1.69892
0.379947
1.56081
0.982342
1.44328
1.47487
1.2152
0.249824
0.710258
0.891065
0.289401
2.72379
1.69832
1.80852
1.84307
2.6536
1.48491
2.19883
1.85808
1.16005
1.97759
0.643817
0.620419
1.19032
1.63033
2.1301
1.08964
0.439837
1.21618
0.784512
0.888685
1.00483
0.728947
1.42182
1.59844
2.30696
1.00624
2.22438
1.17134
2.29592
2.36426
1.58951
1.36981
2.15114
3.04311
1.97866
0.469264
0.871537
0.709289
1.32043
0.792148
1.34691
1.3332
0.702487
1.71891
1.81366
2.31234
1.8409
1.82182
1.17285
1.85072
1.91579
2.36617
1.92016
2.11426
0.847177
0.974034
0.697588
0.357353
2.21879
2.33317
1.15655
2.19311
1.01872
0.381633
0.627113
2.59222
2.27449
2.71998
1.52564
1.41005
2.78041
1.02675
1.80848
0.808965
0.306313
1.71248
2.82652
2.27779
1.53697
1.28457
1.91293
1.50334
1.11215
1.6429
1.32066
2.37215
1.99754
2.08154
1.19187
2.00126
1.92945
1.47392
2.25387
1.17868
0.518638
1.97169
2.47009
2.16088
1.41376
1.56854
1.54938
0.635285
2.44438
0.95303
1.57392
1.22382
2.4
1.8385
1.98809
1.95138
2.44867
2.52281
1.98176
0.789601
2.00238
2.2855
1.40338
1.91386
2.90664
1.78228
2.14541
0.950228
1.22755
1.08964
0.577764
1.11566
1.30989
2.18972
0.252719
2.30008
0.41319
1.42589
2.32995
1.59621
2.14439
1.69062
1.52437
1.60783
1.57024
2.48298
1.00649
2.61693
1.10792
1.2469
1.43382
1.7318
0.380624
2.85075
0.546573
2.1887
0.391116
1.86202
0.175846
1.30804
1.469
1.47348
2.71391
1.2314
2.76353
2.19482
0.793722
1.42824
2.2222
0.953538
0.418132
1.89663
2.40872
1.58936
0.7838
2.14544
1.44208
1.10298
1.79128
0.689095
1.44889
0.143503
2.04815
0.248224
0.604129
1.67887
0.444906
2.19385
2.22142
2.53119
1.9599
0.872698
2.41307
0.550827
1.1935
2.58451
1.75398
0.47025
1.46853
2.20336
2.21336
0.746166
2.47771
1.26607
2.45622
1.12135
0.781028
1.89557
1.76256
1.14804
1.92563
0.563994
1.58831
1.34555
0.668547
1.14023
1.30175
2.65038
1.8032
1.50657
2.13274
1.5705
1.50914
1.31315
1.41966
1.35333
2.19285
2.11394
1.2137
2.17914
1.15013
2.73203
1.60548
1.47862
1.58334
0.93034
2.74337
2.16904
1.4436
1.48017
2.0083
2.44153
0.796201
1.12133
2.39163
0.782123
0.898152
1.79401
1.47551
2.18239
1.30264
0.446069
2.35941
2.39272
1.82879
2.68412
1.44463
1.21616
1.19253
2.72686
0.843577
2.18263
2.64447
2.93392
2.06942
2.21537
2.98959
1.0088
2.32143
0.991402
0.523879
0.441338
0.54622
1.41256
0.761862
1.63545
1.26404
1.7212
0.897402
2.32699
1.17372
2.4429
0.827855
2.48163
1.44551
1.45977
1.95699
2.28135
2.12638
2.06341
2.02518
1.56533
2.10433
1.60407
1.88817
2.11147
2.31271
1.53752
0.550278
1.98781
1.63365
2.33758
0.463379
0.859666
0.844592
1.51762
1.08148
0.98539
2.21639
1.77562
2.751
1.39013
1.85114
0.921878
0.718988
1.29812
2.39714
1.79559
0.593753
1.87346
1.10358
1.17625
1.50734
0.957628
0.410897
1.75715
0.878183
2.77168
0.212454
1.79262
0.921184
2.18781
1.46598
1.12029
2.74083
1.81551
0.464763
2.10518
0.768725
1.08717
1.11558
0.143041
1.02108
0.972078
0.49122
2.61995
2.48365
0.512957
0.845143
1.17808
0.478341
1.41985
0.774512
0.935502
1.11604
0.21745
1.42651
1.50745
1.40184
0.821552
1.62262
0.9231
1.01846
1.23098
1.14114
2.18649
0.222714
1.01699
1.12643
1.38094
1.97644
2.31429
1.13325
2.82667
1.90595
1.9908
2.22929
2.2625
2.53326
0.685982
2.21748
0.35076
1.72951
1.40123
0.776531
1.76487
1.09966
2.49906
2.25428
2.061
0.649247
1.3719
0.88299
0.467119
1.49352
2.2239
1.69354
1.0975
1.70071
2.4831
2.20019
0.954115
1.77839
2.52175
2.87278
2.37329
1.24283
1.64498
1.58359
1.75591
0.931003
1.85302
2.16094
0.364096
2.32929
2.90606
0.795644
0.634789
1.44487
0.979922
2.38157
1.15495
3.04061
2.25897
2.03697
0.334742
1.99736
2.40911
2.36459
2.57604
0.647363
1.61134
1.00513
1.3745
0.780195
1.0898
2.99792
1.47864
1.25698
1.71902
2.51289
2.6464
0.938053
0.50514
0.361573
1.21213
0.262617
2.51201
2.90159
1.49236
0.923639
2.3716
1.37829
0.526645
1.80892
1.45461
1.87406
0.524832
2.39323
0.589475
2.48121
2.36271
2.22885
2.74412
1.16425
0.798386
0.864249
2.35494
2.55022
1.00776
1.93469
1.60907
1.63441
2.38714
1.39949
1.60933
0.685472
1.27156
1.09113
0.972403
1.14703
1.49919
1.2744
1.7365
1.71017
1.49407
2.14254
1.04711
2.34866
0.477666
0.927276
2.5109
3.11278
2.27599
1.99551
0.473309
1.52578
1.7173
2.225
0.465639
2.05122
1.93911
2.28156
0.177859
0.300822
1.98283
0.672669
1.34206
1.8532
2.09527
1.47444
1.9975
1.76518
0.313817
1.98454
2.29612
3.03896
2.41318
0.69837
1.28403
0.566879
0.401256
0.541341
2.71773
0.26141
1.35239
1.91812
2.27651
1.3392
0.727247
2.29587
0.744362
1.83917
0.597726
0.153581
2.22813
0.566289
0.521409
1.57307
0.828061
2.34869
1.02396
2.3864
2.22503
2.51276
2.85254
1.33095
2.5696
0.0911183
1.00998
1.99362
0.839325
0.829706
1.88232
2.29629
2.50272
1.31668
1.7508
1.21826
2.05596
1.35567
1.84133
2.08252
2.06705
0.929923
1.71328
1.54312
2.81753
0.723266
1.19218
2.45159
2.18825
1.1359
1.46924
0.246844
2.38208
1.68749
1.6515
1.70823
1.83018
2.01987
2.53734
1.46228
1.81411
1.16584
1.42153
1.79404
2.47894
2.54372
1.12917
1.68692
1.04979
1.72337
0.254715
1.77186
1.52486
1.06018
0.361689
1.3051
1.96005
1.97852
2.50237
2.53149
0.829156
2.44733
2.77374
2.68569
2.46647
1.33499
1.16351
0.998528
2.10574
0.585651
3.07894
1.82628
1.34246
0.800171
0.844457
1.06974
1.73967
1.20756
2.04582
1.52371
2.84674
1.1101
1.22919
2.09344
1.74188
2.5341
1.611
1.56421
2.21412
2.04867
1.94032
1.27315
2.5754
0.61601
1.13994
2.72948
0.982522
0.845432
0.775288
1.25464
1.25541
1.7742
0.559848
2.58765
1.83806
1.9726
1.2848
1.35817
1.63685
0.94012
0.623174
2.35163
1.2987
1.83081
1.37165
1.16954
2.29193
0.66651
2.09186
1.94832
1.84903
1.01701
0.530367
1.67634
2.06943
2.03284
1.36514
1.34578
1.77463
2.42329
1.79545
1.47832
1.76075
1.54808
1.67818
1.59471
2.70648
2.94388
1.72671
2.08252
0.674358
0.709668
2.08723
0.614828
2.17811
0.540145
2.04316
0.667807
1.12644
2.33764
1.52555
1.08889
2.0594
1.46892
0.502633
2.08329
0.473561
1.81513
2.42281
1.84399
1.99946
0.819088
1.83905
1.39968
1.0782
2.76071
1.67885
1.98358
0.974749
0.925723
2.01
2.17588
2.24507
2.26365
1.44692
1.07658
0.500078
1.53108
2.10372
0.39133
2.46752
1.41957
1.55853
1.57554
0.649892
0.262271
0.689991
1.64475
1.38025
1.41026
0.411374
1.35913
1.10892
0.959144
1.5806
1.97055
2.01585
1.91489
1.95886
1.53292
2.64043
1.55599
2.46597
1.43464
2.38275
0.484313
0.940544
